# ----------------------------------------------
# File created by ellipsoFit 2012-03-18T14:14:02
# ----------------------------------------------
Ellipsometry file =	/home/mario/Documents/ellipsofit/samples/1736.csv
Reflectivity file =	/home/mario/Documents/ellipsofit/samples/1736.ref
Einf =	2.5164
Ep   =	5.6598
G    =	1.2864
Ek(1) =	1.3656
fk(1) =	5.1328
Gk(1) =	0.89395
Ek(2) =	2.5524
fk(2) =	0.76401
Gk(2) =	1.0953
Ek(3) =	4.8402
fk(3) =	0.87956
Gk(3) =	1.1578
Ek(4) =	6.232
fk(4) =	1.3823
Gk(4) =	0.97596

N   =	2.32562e+22 [cm-3]
Tr  =	5.11622e-16 [s]
Rop =	298.576 [uohm cm]

100 points of the fit :
Energy     	Real value  	Imaginary value  	Reflectivity value
1.30000e-01	-8.45743e+00	1.89965e+02	8.18636e-01
1.95000e-01	-8.18178e+00	1.25368e+02	7.84073e-01
2.60000e-01	-7.80603e+00	9.27481e+01	7.56213e-01
3.25000e-01	-7.33969e+00	7.29663e+01	7.32271e-01
3.90000e-01	-6.79409e+00	5.96509e+01	7.10769e-01
4.55000e-01	-6.18211e+00	5.00774e+01	6.90800e-01
5.20000e-01	-5.51788e+00	4.28883e+01	6.71777e-01
5.85000e-01	-4.81692e+00	3.73332e+01	6.53331e-01
6.50000e-01	-4.09655e+00	3.29650e+01	6.35282e-01
7.15000e-01	-3.37685e+00	2.95020e+01	6.17650e-01
7.80000e-01	-2.68226e+00	2.67583e+01	6.00672e-01
8.45000e-01	-2.04356e+00	2.46050e+01	5.84823e-01
9.10000e-01	-1.50005e+00	2.29458e+01	5.70781e-01
9.75000e-01	-1.10027e+00	2.16976e+01	5.59309e-01
1.04000e+00	-8.98873e-01	2.07731e+01	5.51056e-01
1.10500e+00	-9.45265e-01	2.00667e+01	5.46301e-01
1.17000e+00	-1.26175e+00	1.94472e+01	5.44773e-01
1.23500e+00	-1.81683e+00	1.87724e+01	5.45625e-01
1.30000e+00	-2.51280e+00	1.79257e+01	5.47605e-01
1.36500e+00	-3.20812e+00	1.68591e+01	5.49340e-01
1.43000e+00	-3.76921e+00	1.56079e+01	5.49621e-01
1.49500e+00	-4.11636e+00	1.42634e+01	5.47578e-01
1.56000e+00	-4.23464e+00	1.29258e+01	5.42706e-01
1.62500e+00	-4.15470e+00	1.16719e+01	5.34808e-01
1.69000e+00	-3.92613e+00	1.05452e+01	5.23905e-01
1.75500e+00	-3.59856e+00	9.56189e+00	5.10171e-01
1.82000e+00	-3.21329e+00	8.72088e+00	4.93906e-01
1.88500e+00	-2.80170e+00	8.01228e+00	4.75546e-01
1.95000e+00	-2.38682e+00	7.42271e+00	4.55682e-01
2.01500e+00	-1.98571e+00	6.93797e+00	4.35079e-01
2.08000e+00	-1.61150e+00	6.54388e+00	4.14639e-01
2.14500e+00	-1.27484e+00	6.22603e+00	3.95304e-01
2.21000e+00	-9.84281e-01	5.96898e+00	3.77888e-01
2.27500e+00	-7.45704e-01	5.75548e+00	3.62882e-01
2.34000e+00	-5.60741e-01	5.56643e+00	3.50306e-01
2.40500e+00	-4.24953e-01	5.38231e+00	3.39677e-01
2.47000e+00	-3.26962e-01	5.18620e+00	3.30113e-01
2.53500e+00	-2.49862e-01	4.96740e+00	3.20533e-01
2.60000e+00	-1.75021e-01	4.72384e+00	3.09888e-01
2.66500e+00	-8.66923e-02	4.46138e+00	2.97372e-01
2.73000e+00	2.48638e-02	4.19076e+00	2.82555e-01
2.79500e+00	1.62869e-01	3.92363e+00	2.65439e-01
2.86000e+00	3.25573e-01	3.66969e+00	2.46444e-01
2.92500e+00	5.08499e-01	3.43553e+00	2.26338e-01
2.99000e+00	7.06341e-01	3.22469e+00	2.06117e-01
3.05500e+00	9.14146e-01	3.03837e+00	1.86843e-01
3.12000e+00	1.12784e+00	2.87630e+00	1.69473e-01
3.18500e+00	1.34437e+00	2.73739e+00	1.54718e-01
3.25000e+00	1.56155e+00	2.62021e+00	1.42961e-01
3.31500e+00	1.77797e+00	2.52333e+00	1.34274e-01
3.38000e+00	1.99275e+00	2.44544e+00	1.28483e-01
3.44500e+00	2.20541e+00	2.38547e+00	1.25269e-01
3.51000e+00	2.41575e+00	2.34268e+00	1.24252e-01
3.57500e+00	2.62369e+00	2.31659e+00	1.25056e-01
3.64000e+00	2.82925e+00	2.30708e+00	1.27345e-01
3.70500e+00	3.03239e+00	2.31433e+00	1.30836e-01
3.77000e+00	3.23301e+00	2.33886e+00	1.35299e-01
3.83500e+00	3.43079e+00	2.38154e+00	1.40556e-01
3.90000e+00	3.62510e+00	2.44355e+00	1.46468e-01
3.96500e+00	3.81490e+00	2.52640e+00	1.52929e-01
4.03000e+00	3.99852e+00	2.63187e+00	1.59858e-01
4.09500e+00	4.17349e+00	2.76193e+00	1.67188e-01
4.16000e+00	4.33623e+00	2.91851e+00	1.74859e-01
4.22500e+00	4.48182e+00	3.10324e+00	1.82808e-01
4.29000e+00	4.60375e+00	3.31681e+00	1.90961e-01
4.35500e+00	4.69377e+00	3.55823e+00	1.99220e-01
4.42000e+00	4.74222e+00	3.82366e+00	2.07451e-01
4.48500e+00	4.73888e+00	4.10510e+00	2.15470e-01
4.55000e+00	4.67490e+00	4.38929e+00	2.23033e-01
4.61500e+00	4.54571e+00	4.65746e+00	2.29831e-01
4.68000e+00	4.35457e+00	4.88704e+00	2.35498e-01
4.74500e+00	4.11516e+00	5.05576e+00	2.39652e-01
4.81000e+00	3.85147e+00	5.14755e+00	2.41950e-01
4.87500e+00	3.59377e+00	5.15788e+00	2.42177e-01
4.94000e+00	3.37180e+00	5.09575e+00	2.40339e-01
5.00500e+00	3.20815e+00	4.98120e+00	2.36724e-01
5.07000e+00	3.11472e+00	4.83983e+00	2.31918e-01
5.13500e+00	3.09307e+00	4.69715e+00	2.26736e-01
5.20000e+00	3.13714e+00	4.57490e+00	2.22088e-01
5.26500e+00	3.23661e+00	4.48985e+00	2.18815e-01
5.33000e+00	3.37948e+00	4.45433e+00	2.17559e-01
5.39500e+00	3.55349e+00	4.47755e+00	2.18700e-01
5.46000e+00	3.74638e+00	4.56694e+00	2.22374e-01
5.52500e+00	3.94547e+00	4.72932e+00	2.28545e-01
5.59000e+00	4.13651e+00	4.97136e+00	2.37076e-01
5.65500e+00	4.30219e+00	5.29952e+00	2.47800e-01
5.72000e+00	4.42039e+00	5.71893e+00	2.60550e-01
5.78500e+00	4.46242e+00	6.23088e+00	2.75176e-01
5.85000e+00	4.39221e+00	6.82858e+00	2.91535e-01
5.91500e+00	4.16777e+00	7.49078e+00	3.09469e-01
5.98000e+00	3.74741e+00	8.17460e+00	3.28771e-01
6.04500e+00	3.10264e+00	8.81096e+00	3.49151e-01
6.11000e+00	2.23669e+00	9.30933e+00	3.70211e-01
6.17500e+00	1.20042e+00	9.57752e+00	3.91441e-01
6.24000e+00	9.17216e-02	9.55318e+00	4.12258e-01
6.30500e+00	-9.69315e-01	9.23045e+00	4.32079e-01
6.37000e+00	-1.87873e+00	8.66236e+00	4.50402e-01
6.43500e+00	-2.57706e+00	7.93705e+00	4.66865e-01
